 11 7177.832436 7.989E-29 9.066E-04.07130.352 2309.73010.590.003080          0 6 0          0 1 0  7  0  7        7  1  6      334223807294713152    45.0   45.0
 11 7177.842426 1.941E-30 4.071E-05.08560.371 2146.26360.710.004010          0 3 1          0 1 0  5  5  0        6  1  5      332230807294713152    11.0   13.0
 11 7177.845938 1.791E-27 3.040E-02.08200.352 2392.59250.700.003390          1 3 0          0 1 0  7  5  2        7  2  5      434223807294713152    45.0   45.0
 11 7177.866281 1.271E-29 2.188E-02.01240.195 3291.1503-.07-.018890          0 2 1          0 0 0 17  2 15       17  2 16      334233807294713152    35.0   35.0
 11 7177.886048 2.359E-30 2.339E-02.05540.298 3565.00350.52-.016530          2 1 0          0 1 0 11  5  7       10  6  4      332230807294713152    23.0   21.0
 11 7178.039109 2.021E-26 5.494E-03.05350.333 1590.69010.55-.013560          2 0 0          0 0 0  9  6  3        8  7  2      464223807260713049    57.0   51.0
 11 7178.053018 2.160E-24 7.256E-01.04120.281 1690.66440.36-.008120          0 2 1          0 0 0 12  2 10       11  2  9      454523606794713152    75.0   69.0
 11 7178.060287 4.295E-30 2.314E-04.07330.333 2630.19250.67-.003000          1 3 0          0 1 0  7  6  1        8  3  6      432230807294713152    45.0   51.0
 11 7178.197451 2.935E-29 3.865E-02.04660.208 3211.05480.49-.034660          1 0 1          0 0 0 15  4 11       16  2 14      334233807294713152    31.0   33.0
 11 7178.223817 2.213E-30 7.830E-01.03140.195 4612.79040.41-.009015         -2-2-2          0 0 0 17 -4 -4       17  8  9      132232477291712250   105.0  105.0
 11 7178.310400 6.710E-26 5.269E-01.04860.281 2321.90570.47-.014000          0 0 2          0 0 0 11  6  5       11  7  4      454223796560713049    69.0   69.0
 11 7178.319366 4.936E-30 3.544E-02.02270.195 3810.93660.16-.005320          0 2 1          0 0 0 17  5 13       17  3 14      332230807294713152   105.0  105.0
 11 7178.383417 2.972E-30 2.006E+00.01690.221 4507.52260.03-.022110          0 3 1          0 1 0 16  3 14       15  3 13      332230807294713152    33.0   31.0
 11 7178.392064 8.331E-29 2.933E-03.06330.265 2437.50190.65-.028520          0 0 2          0 0 0 13  3 11       12  6  6      334233807260713049    27.0   25.0
 11 7178.408613 1.833E-28 9.267E-05.03400.265 1774.75110.30-.026150          0 0 2          0 0 0 12  1 12       12  2 11      434243807260713049    75.0   75.0
 11 7178.445634 1.440E-22 1.410E+00.08810.450  602.77350.71-.007590          1 0 1          0 0 0  6  2  5        6  2  4      757521306382623134    13.0   13.0
 11 7178.448256 9.441E-30 1.740E-02.05160.235 3266.51430.48-.007880          0 0 2          0 0 0 14  6  8       14  7  7      332230807260713049    29.0   29.0
 11 7178.538884 6.209E-29 9.411E-05.03390.265 1774.61630.30-.026120          0 0 2          0 0 0 12  0 12       12  1 11      334243807260713049    25.0   25.0
 11 7178.544339 5.688E-30 8.203E-01.04980.195 4428.11470.49-.027420          2 0 0          0 0 0 17  8  9       17  7 10      232230807260713049   105.0  105.0
 11 7178.610289 1.530E-28 4.175E-02.04220.235 3084.83570.42-.025780          1 0 1          0 0 0 13  8  6       14  6  9      334233807294713152    81.0   87.0
 11 7178.817306 4.882E-30 1.525E-08.07810.371  648.97870.670.000000          1 2 0          0 0 0  8  3  6        6  3  4     q4222308079917122 0    51.0   39.0
 11 7178.873585 1.501E-27 2.546E-02.04350.298 2254.28440.46-.018760          2 0 0          0 0 0 11  7  5       10  8  2      434223807260713049    23.0   21.0
 11 7178.886568 1.523E-30 2.408E-01.05320.195 4221.03930.50-.017230          1 0 1          0 0 0 17  6 11       17  6 12      332230807294713152    35.0   35.0
 11 7178.899138 1.773E-30 6.716E-01.03300.265 4557.54630.35-.021720          1 3 0          0 1 0 12  9  4       12  8  5      232230807294713152    75.0   75.0
 11 7178.969949 1.894E-30 3.041E+00.07180.333 4523.58900.61-.035970          0 0 3          1 0 0  7  1  6        8  1  7      332230807294713152    15.0   17.0
 11 7179.018384 8.277E-30 8.344E-09.09400.434  285.41860.730.000000          1 0 1          0 0 0  4  0  4        3  3  0     q4222308079917122 0    27.0   21.0
 11 7179.122242 2.689E-28 9.533E-01.10050.434 3334.62650.75-.002960          2 2 0          0 2 0  3  2  1        3  1  2      334223807294713152    21.0   21.0
 11 7179.133884 4.453E-27 2.518E-02.04370.298 2254.28370.46-.018500          2 0 0          0 0 0 11  7  4       10  8  3      434223807260713049    69.0   63.0
 11 7179.186978 5.760E-23 2.128E-01.09520.391  326.62550.73-.004420          2 0 0          0 0 0  4  2  2        5  1  5      456621306360713049     9.0   11.0
 11 7179.203569 3.273E-30 9.606E-09.08330.391  610.34120.690.000000          1 2 0          0 0 0  7  4  3        5  4  1     q7222308079917122 0    45.0   33.0
 11 7179.294950 7.380E-25 7.601E-01.03790.281 1695.06860.33-.016220          0 2 1          0 0 0 12  3 10       11  3  9      454523796794713152    25.0   23.0
 11 7179.309506 1.723E-28 3.818E-01.09980.456 3237.91730.75-.006710          2 2 0          0 2 0  3  0  3        2  1  2      334243807294713152    21.0   15.0
 11 7179.326810 1.250E-25 6.871E-02.06670.265 1774.75110.63-.019390          2 0 0          0 0 0 11  3  8       12  2 11      454223796760713049    69.0   75.0
 11 7179.342202 1.672E-30 7.045E-02.04740.250 3879.72080.470.003200          1 1 1          0 1 0 12  5  8       13  3 11      332230807294713152    25.0   27.0
 11 7179.373270 1.056E-30 4.396E-01.08640.371 4408.02880.72-.009510          0 0 3          0 0 1  5  4  2        6  3  3      332230807294713152    33.0   39.0
 11 7179.499966 8.106E-28 1.026E+01.10600.480 3196.09340.76-.001450          1 2 1          0 2 0  1  1  0        1  1  1      334223807294713152     3.0    3.0
 11 7179.638755 4.817E-29 2.222E-02.06790.315 3141.04590.62-.021020          2 1 0          0 1 0 10  4  7        9  5  4      334233807294713152    63.0   57.0
 11 7179.665171 4.896E-29 3.839E-07.07340.352  586.47920.650.000000          2 0 0          0 0 0  7  1  7        7  1  7     q4322308079917122 0    15.0   15.0
 11 7179.699712 1.004E-28 7.351E-07.08360.371  542.90580.730.002120          0 4 0          0 0 0  6  6  0        6  1  5      432230807260713049    13.0   13.0
 11 7179.717076 1.118E-24 4.270E-01.04560.333 1411.64190.47-.019330          1 2 0          0 0 0  8  7  1        8  6  2      464223807294713152    17.0   17.0
 11 7179.730601 1.466E-28 3.828E-07.07340.352  586.24350.650.000000          2 0 0          0 0 0  7  0  7        7  0  7     q4322308079917122 0    45.0   45.0
 11 7179.739748 1.033E-29 5.564E-07.07910.333  982.91170.66-.000870          0 5 0          0 0 0  7  1  7        8  2  6      432230807294713152    15.0   17.0
 11 7179.747151 3.339E-24 4.251E-01.04540.333 1411.61150.47-.019350          1 2 0          0 0 0  8  7  2        8  6  3      464223807294713152    51.0   51.0
 11 7179.751539 5.708E-23 9.555E+00.04360.352 1216.18980.42-.021050          1 0 1          0 0 0  7  6  1        7  6  2      764223807294713152    15.0   15.0
 11 7179.751953 1.710E-22 9.542E+00.04360.352 1216.19450.42-.021180          1 0 1          0 0 0  7  6  2        7  6  1      766521807294713152    45.0   45.0
 11 7179.775963 4.987E-30 9.323E-03.01040.183 3319.4476-.12-.014670          0 2 1          0 0 0 18  2 17       18  0 18      332230807294713152    37.0   37.0
 11 7179.962015 1.075E-29 5.590E-02.03870.235 3465.06940.45-.036870          1 0 1          0 0 0 13 10  3       14  8  6      334233807294713152    27.0   29.0
 11 7180.103380 3.445E-30 1.376E-08.08870.412  383.84250.710.000000          1 0 1          0 0 0  5  0  5        4  3  1     q4222308079917122 0    11.0    9.0
 11 7180.129025 1.300E-27 8.999E-01.07760.298 3224.54660.68-.000900          1 1 1          0 1 0 10  4  6       10  4  7      444223606594713152    63.0   63.0
 11 7180.131024 1.700E-29 1.265E+00.06170.195 4291.90970.55-.014410          2 0 0          0 0 0 17  7 10       17  6 11      234233807260713049   105.0  105.0
 11 7180.143875 3.230E-29 5.594E-02.03850.235 3464.88740.45-.036690          1 0 1          0 0 0 13 10  4       14  8  7      334233807294713152    81.0   87.0
 11 7180.221685 8.223E-28 5.183E-02.05630.315 2688.07980.48-.016830          0 1 2          0 1 0  8  2  7        9  1  8      434223807294713152    51.0   57.0
 11 7180.231289 1.011E-28 5.258E+00.09740.456 3887.11420.74-.005300          1 0 2          0 0 1  3  2  1        2  2  0      334233807294713152    21.0   15.0
 11 7180.259596 5.745E-30 3.112E+00.06750.333 4525.96410.57-.030270          0 0 3          1 0 0  7  2  6        8  2  7      332230807294713152    45.0   51.0
 11 7180.274572 1.687E-29 1.051E-02.01040.183 3319.4476-.12-.013500          0 2 1          0 0 0 18  1 17       18  1 18      334233807294713152   111.0  111.0
 11 7180.323070 6.641E-26 3.551E-04.08710.352  704.21410.71-.000120          1 0 1          0 0 0  6  3  3        7  1  6      464223807294713152    39.0   45.0
 11 7180.329041 3.630E-25 8.509E-01.04780.298 2054.34520.47-.015200          0 0 2          0 0 0 10  6  5       10  7  4      454223606560713049    63.0   63.0
 11 7180.391975 4.918E-29 1.260E-07.07810.371  552.91140.670.000000          2 0 0          0 0 0  6  2  5        6  2  5     q4322308079917122 0    39.0   39.0
 11 7180.396906 2.802E-29 1.465E-02.06620.333 2920.13200.59-.016150          2 1 0          0 1 0  9  4  6        8  5  3      434243807294713152    19.0   17.0
 11 7180.399611 5.560E-22 5.371E-01.09750.412  224.83840.74-.003530          2 0 0          0 0 0  3  2  1        4  1  4      756620306360713049    21.0   27.0
 11 7180.491349 2.281E-28 4.503E-02.03690.281 2740.42090.53-.026630          1 2 0          0 0 0 10 10  0       11  9  3      334233807294713152    21.0   23.0
 11 7180.491349 6.844E-28 4.504E-02.03690.281 2740.42090.53-.026640          1 2 0          0 0 0 10 10  1       11  9  2      334223807294713152    63.0   69.0
 11 7180.500027 8.070E-25 5.229E+00.08610.391 2130.49430.71-.011670          1 1 1          0 1 0  5  3  3        5  3  2      454223606594713152    33.0   33.0
 11 7180.612907 2.950E-23 4.625E+00.06110.315 1477.29740.56-.023870          1 0 1          0 0 0  9  5  5        9  5  4      454523606394713152    57.0   57.0
 11 7180.720079 8.624E-30 7.464E-08.08560.371  542.90580.710.004010          0 2 1          0 0 0  5  5  0        6  1  5      432230807294713152    11.0   13.0
 11 7180.728820 1.520E-25 8.892E-05.09390.434  173.36580.740.006220          1 2 0          0 0 0  4  4  1        3  1  2      454223796594713152    27.0   21.0
 11 7180.976834 6.601E-30 2.130E-03.07790.315 2841.43070.680.010590          1 3 0          0 1 0 10  4  6        9  3  7      332230807294713152    21.0   19.0
 11 7181.016024 3.010E-24 9.100E-03.09510.434  285.21930.73-.014900          1 0 1          0 0 0  4  1  4        3  3  1      754223606794713152     9.0    7.0
 11 7181.082627 1.184E-25 8.329E-01.04830.298 2054.36870.48-.013450          0 0 2          0 0 0 10  6  4       10  7  3      464223807260713049    21.0   21.0
 11 7181.095634 4.558E-23 2.544E+00.04630.352 1216.19450.53-.026550          1 2 0          0 0 0  7  7  0        7  6  1      464223607294713152    45.0   45.0
 11 7181.099781 1.509E-23 2.527E+00.04620.352 1216.18980.52-.026520          1 2 0          0 0 0  7  7  1        7  6  2      464223807294713152    15.0   15.0
 11 7181.112150 2.965E-24 6.502E-01.05830.315 1340.88490.52-.017720          0 2 1          0 0 0 10  4  7        9  4  6      464223807294713152    21.0   19.0
 11 7181.122607 1.118E-28 2.038E-03.07940.352 2181.08980.680.004270          1 3 0          0 1 0  7  4  4        7  1  7      434233807294713152    15.0   15.0
 11 7181.155657 1.500E-20 1.322E+01.09970.434  136.76170.76-.011960          1 0 1          0 0 0  2  0  2        3  0  3      455521306367713152    15.0   21.0
 11 7181.250151 1.862E-30 3.147E+00.05560.315 4559.75200.48-.040000          0 0 3          1 0 0  8  1  8        9  1  9      332230807294713152    17.0   19.0
 11 7181.256168 3.044E-30 2.983E-08.07810.371  602.77350.670.000000          2 0 0          0 0 0  6  2  4        6  2  4     q7222308079917122 0    13.0   13.0
 11 7181.301007 5.596E-30 3.152E+00.05580.315 4559.70760.48-.040000          0 0 3          1 0 0  8  0  8        9  0  9      332230807294713152    51.0   57.0
 11 7181.318161 3.831E-25 2.001E-01.07010.298 1538.14950.63-.011790          1 0 1          0 0 0 11  1 10       10  3  7      464223807294713152    23.0   21.0
 11 7181.351919 3.854E-29 2.213E-02.01280.195 3291.1485-.06-.016070          0 2 1          0 0 0 17  3 15       17  1 16      334233807294713152   105.0  105.0
 11 7181.461591 1.590E-29 3.494E-02.01730.195 3567.17380.07-.013650          0 2 1          0 0 0 17  4 14       17  2 15      334233807294713152   105.0  105.0
 11 7181.499791 2.816E-29 1.183E+00.06360.195 4174.28700.57-.001260          2 0 0          0 0 0 17  6 11       17  5 12      334233807260713049   105.0  105.0
 11 7181.520860 8.510E-25 5.769E-03.08200.352  782.40980.700.003390          1 2 0          0 0 0  7  5  2        7  2  5      454223796794713152    45.0   45.0
 11 7181.598278 8.785E-29 6.417E-03.06880.265 2813.51210.66-.004850          0 0 2          0 0 0 13  5  8       12  8  5      334233807260713049    81.0   75.0
 11 7181.620137 1.132E-29 1.323E-07.06460.315  920.16840.600.000000          1 0 1          0 0 0  8  1  7        9  0  9     q7322308079917122 0    51.0   57.0
 11 7181.640630 1.377E-30 1.362E-05.08770.391 2251.86240.71-.011400          0 1 2          0 1 0  6  1  6        5  4  1      432230807294713152    39.0   33.0
 11 7181.673096 2.837E-29 1.018E+00.09080.352 3967.48860.73-.004410          2 2 0          0 2 0  7  3  4        7  2  5      334223807294713152    45.0   45.0
 11 7181.788311 2.560E-28 9.188E-03.08040.352 2572.13910.70-.016110          2 1 0          0 1 0  8  3  6        7  4  3      334223807294713152    51.0   45.0
 11 7181.884955 3.466E-28 8.814E-02.04500.235 3084.83570.43-.024650          0 0 2          0 0 0 14  5 10       14  6  9      334223807260713049    87.0   87.0
 11 7181.936501 2.307E-30 7.734E-03.05940.221 3629.09650.55-.006630          0 0 2          0 0 0 15  6  9       15  7  8      332230807260713049    93.0   93.0
 11 7182.150522 2.557E-26 2.366E-02.07870.298 1616.45310.71-.018150          1 0 1          0 0 0  9  6  3       10  4  6      464223807294713152    19.0   21.0
 11 7182.155675 1.358E-23 1.797E-02.09050.412  382.51690.71-.015570          1 0 1          0 0 0  5  1  5        4  3  2      464223307294713152    33.0   27.0
 11 7182.158727 7.791E-27 4.885E-02.05020.265 2275.37290.49-.022160          1 0 1          0 0 0 11  7  5       12  5  8      434223807294713152    69.0   75.0
 11 7182.208851 1.580E-21 1.468E+00.10700.375   42.37170.81-.011440          2 0 0          0 0 0  1  0  1        1  1  0      755820306379491549     9.0    9.0
 11 7182.341777 1.311E-27 1.058E-04.08000.298 1114.53230.710.005780          0 2 1          0 0 0  9  4  5       10  0 10      434223807294713152    19.0   21.0
 11 7182.396695 2.650E-29 9.561E-01.09030.371 3713.08250.72-.005920          2 2 0          0 2 0  6  2  4        6  1  5      334223807294713152    13.0   13.0
 11 7182.425525 4.160E-30 5.862E-02.05730.250 3654.21500.57-.022410          2 1 0          0 1 0 12  3  9       13  2 12      332230807294713152    25.0   27.0
 11 7182.438582 8.929E-30 9.105E-02.07220.265 3587.66660.690.019770          1 3 0          0 1 0 12  5  7       12  2 10      332230807294713152    25.0   25.0
 11 7182.451200 1.720E-24 4.352E-02.08220.315 1079.07960.70-.002880          1 0 1          0 0 0  8  3  5        9  1  8      454223796794713152    51.0   57.0
 11 7182.481346 8.534E-28 2.366E-05.07860.352  816.69420.71-.004570          1 2 0          0 0 0  6  6  0        7  3  5      434223807294713152    13.0   15.0
 11 7182.519010 2.242E-28 5.527E-03.05020.221 2631.26880.600.002610          0 1 1          0 0 0 16  9  7       15  1 14      334233807294713152    99.0   93.0
 11 7182.522419 1.012E-26 7.485E-01.01190.221 2631.2834-.13-.015420          0 2 1          0 0 0 16  2 15       15  2 14      334223807294713152    33.0   31.0
 11 7182.522543 2.504E-27 1.535E-01.04470.298 2705.13960.38-.023380          0 1 2          0 1 0  9  0  9       10  1 10      334223807294713152    57.0   63.0
 11 7182.531340 4.340E-25 3.761E+00.09460.412 1922.90110.73-.009620          1 1 1          0 1 0  4  2  3        4  2  2      454223796794713152     9.0    9.0
 11 7182.533476 1.744E-30 2.793E-02.03700.235 3922.33040.53-.034460          1 0 1          0 0 0 13 12  2       14 10  5      332230807294713152    81.0   87.0
 11 7182.543079 1.575E-29 1.154E-07.07810.371  542.90580.670.000000          2 0 0          0 0 0  6  1  5        6  1  5     q7222308079917122 0    13.0   13.0
 11 7182.652541 8.403E-28 1.545E-01.04480.298 2705.09690.38-.023300          0 1 2          0 1 0  9  1  9       10  0 10      334223807294713152    19.0   21.0
 11 7182.735798 1.354E-29 1.382E-01.10430.504 3151.62990.75-.000640          0 7 0          0 2 0  1  1  1        0  0  0      3342238072947131 7     3.0    1.0
 11 7182.744165 7.417E-28 1.503E-02.06170.250 2533.79320.56-.006820          2 0 0          0 0 0 12  7  6       13  4  9      334223807260713049    75.0   81.0
 11 7182.904004 3.771E-30 1.323E-07.06460.315  920.21000.600.000000          1 0 1          0 0 0  8  2  7        9  1  9     q4222308079917122 0    17.0   19.0
 11 7182.949535 3.770E-21 1.025E+01.09700.464  142.27850.91-.009960          1 0 1          0 0 0  2  1  2        3  1  3      456820306367492452     5.0    7.0
 11 7183.015675 4.070E-22 3.557E-01.10360.456  134.90160.76-.019370          1 0 1          0 0 0  2  0  2        2  2  1      454623306394713152    15.0   15.0
 11 7183.016052 3.873E-30 6.638E-04.05010.315 2690.59360.44-.005170          0 6 0          0 1 0  9  1  9        9  2  8      2322338072947131 9    19.0   19.0
 11 7183.073689 2.045E-28 1.692E-02.05510.265 2613.10450.57-.026300          0 0 2          0 0 0 13  4 10       12  7  5      334233807260713049    27.0   25.0
 11 7183.206590 2.212E-29 1.204E+00.08020.250 4174.03860.70-.002370          2 1 0          0 1 0 13  5  8       13  4  9      232230807294713152    81.0   81.0
 11 7183.218640 8.530E-25 1.261E-01.07990.315 1216.23130.69-.017410          0 0 2          0 0 0  8  2  6        9  3  7      454223796760713049    17.0   19.0
 11 7183.272532 6.860E-24 3.149E+00.07600.298 1718.71880.81-.000180          1 0 1          0 0 0 10  5  5       10  5  6      454523306779711552    63.0   63.0
 11 7183.330353 7.814E-30 1.169E-03.03150.298 2701.88850.530.003920          0 4 0          0 0 0 11  9  3       10 10  0      332230807260713049    23.0   21.0
 11 7183.330406 2.344E-29 1.169E-03.03150.298 2701.88850.530.003930          0 4 0          0 0 0 11  9  2       10 10  1      332230807260713049    69.0   63.0
 11 7183.355180 3.640E-29 1.192E+00.07780.265 3843.41040.68-.013000          0 3 1          0 1 0 13  4  9       12  4  8      334233807294713152    27.0   25.0
 11 7183.392955 2.134E-30 2.876E+00.07690.352 4457.81860.64-.019370          0 0 3          1 0 0  6  3  4        7  3  5      332230807294713152    13.0   15.0
 11 7183.436800 4.217E-29 5.618E-03.03980.235 2739.42860.36-.009018         -2-2-2          0 0 0 15 -1 -1       14  3 11      132232477291712250    31.0   29.0
 11 7183.572972 8.336E-26 5.500E-03.08240.333 1050.15770.72-.007620          0 2 1          0 0 0  8  5  4        8  3  5      764223807294713152    17.0   17.0
 11 7183.577492 3.144E-26 7.752E-01.01180.221 2631.2688-.13-.018020          0 2 1          0 0 0 16  1 15       15  1 14      464223807294713152    99.0   93.0
 11 7183.685554 3.590E-24 5.536E-02.09030.371  661.54890.73-.011230          0 0 2          0 0 0  5  2  4        6  3  3      454623306760713049    11.0   13.0
 11 7183.763818 1.881E-30 5.842E-01.04550.391 4381.90400.47-.021980          3 0 0          1 0 0  6  6  1        5  5  0      332230807294713152    39.0   33.0
 11 7183.878800 4.520E-25 1.075E+00.04810.315 1810.58330.48-.014860          0 0 2          0 0 0  9  6  4        9  7  3      454523796760713049    19.0   19.0
 11 7183.959321 1.588E-29 3.373E-01.05360.265 3738.54320.49-.013020          0 1 2          0 1 0 12  2 10       12  3  9      334233807294713152    25.0   25.0
 11 7184.051938 2.559E-30 1.587E-01.06120.208 4016.13440.56-.008800          0 0 2          0 0 0 16  6 10       16  7  9      332230807260713049    33.0   33.0
 11 7184.079829 3.390E-30 7.840E-04.08190.315 2998.76630.73-.014510          2 1 0          0 1 0 10  3  8        9  4  5      432230807294713152    63.0   57.0
 11 7184.100960 1.430E-24 1.134E+00.04770.315 1810.58790.48-.015870          0 0 2          0 0 0  9  6  3        9  7  2      454523606760713049    57.0   57.0
 11 7184.216689 5.464E-30 5.461E-01.03320.281 4265.97640.36-.020120          1 3 0          0 1 0 11  9  2       11  8  3      332230807294713152    69.0   69.0
 11 7184.218587 1.821E-30 5.460E-01.03320.281 4265.97430.36-.020130          1 3 0          0 1 0 11  9  3       11  8  4      332230807294713152    23.0   23.0
 11 7184.306002 1.430E-29 5.410E-02.05150.265 3592.42390.490.002910          1 1 1          0 1 0 11  5  7       12  3 10      334233807294713152    69.0   75.0
 11 7184.360820 1.720E-26 6.508E-02.09280.391 2053.96870.73-.012030          1 1 1          0 1 0  6  0  6        5  2  3      454223796594713152    39.0   33.0
 11 7184.385259 8.547E-30 3.291E+00.09180.352 4426.06640.73-.013760          0 0 3          1 0 0  6  2  4        7  2  5      332230807294713152    39.0   45.0
 11 7184.416685 5.407E-30 2.615E-08.07810.371  648.97870.670.000000          0 0 2          0 0 0  5  1  4        6  3  4     q4222308079917122 0    33.0   39.0
 11 7184.457866 4.686E-25 2.158E+00.06980.281 1985.78490.640.002970          1 0 1          0 0 0 11  5  6       11  5  7      464223807294713152    23.0   23.0
 11 7184.476441 2.709E-29 4.061E-02.06100.298 3383.26540.56-.020730          0 1 2          0 1 0 10  4  7       10  5  6      334233807294713152    63.0   63.0
 11 7184.553749 1.944E-28 8.427E+00.10390.456 3849.38530.76-.006590          1 0 2          0 0 1  3  1  2        2  1  1      334233807294713152    21.0   15.0
 11 7184.654390 5.218E-30 1.401E-04.04710.315 2512.28290.38-.005400          0 6 0          0 1 0  8  1  8        9  0  9      2322338072947131 9    51.0   57.0
 11 7184.681312 3.949E-30 2.832E-08.08330.391  503.96810.690.000000          2 0 0          0 0 0  5  3  3        5  3  3     q4222308079917122 0    11.0   11.0
 11 7184.727213 1.810E-24 6.139E-03.06310.391  610.34120.57-.016350          1 2 0          0 0 0  6  5  2        5  4  1      754223606794713152    39.0   33.0
 11 7184.759870 7.118E-29 7.221E-01.10190.456 3255.34600.75-.003760          2 2 0          0 2 0  2  2  0        2  1  1      334243807294713152     5.0    5.0
 11 7184.786957 2.547E-29 5.941E-02.03820.195 3567.17380.41-.035670          1 0 1          0 0 0 16  4 12       17  2 15      334233807294713152    99.0  105.0
 11 7184.835201 2.378E-28 3.651E-07.07810.371  447.25240.670.000000          2 0 0          0 0 0  6  1  6        6  1  6     q4322308079917122 0    39.0   39.0
 11 7184.905155 2.989E-30 4.542E-02.03670.235 3685.41880.47-.031830          1 0 1          0 0 0 13 11  2       14  9  5      332230807294713152    27.0   29.0
 11 7184.917085 8.969E-30 4.543E-02.03670.235 3685.40690.47-.031840          1 0 1          0 0 0 13 11  3       14  9  6      332230807294713152    81.0   87.0
 11 7184.918104 6.704E-28 4.314E-06.07350.391  742.07630.67-.008860          2 0 0          0 0 0  6  4  3        5  5  0      434223807260713049    39.0   33.0
 11 7184.919905 1.377E-28 6.199E-02.05650.281 3135.76480.53-.007050          2 1 0          0 1 0 10  4  7       11  1 10      334233807294713152    63.0   69.0
 11 7184.934465 2.791E-29 5.833E-04.03310.221 2358.30160.41-.005380          0 4 0          0 0 0 15  4 12       15  1 15      344233803260713049    31.0   31.0
 11 7184.963169 3.577E-30 3.231E-03.05120.281 3314.85560.50-.016210          0 1 2          0 1 0 12  1 12       11  2  9      332230807294713152    75.0   69.0
 11 7184.984125 6.120E-25 6.221E-03.06170.391  610.11440.55-.015000          1 2 0          0 0 0  6  5  1        5  4  2      454523606794713152    13.0   11.0
 11 7185.009311 7.891E-29 3.625E-07.07810.371  446.69660.670.000000          2 0 0          0 0 0  6  0  6        6  0  6     q4322308079917122 0    13.0   13.0
 11 7185.048486 1.169E-29 5.714E-08.08870.412  383.84250.710.000000          2 0 0          0 0 0  4  3  1        4  3  1     q4222308079917122 0     9.0    9.0
 11 7185.100291 1.925E-29 9.011E-08.08330.391  416.20870.690.000000          2 0 0          0 0 0  5  2  4        5  2  4     q4222308079917122 0    11.0   11.0
 11 7185.172318 3.098E-30 7.721E-01.08570.391 4076.14330.68-.001110          1 0 2          0 0 1  5  2  4        5  0  5      332230807294713152    11.0   11.0
 11 7185.354691 9.580E-30 1.079E+00.10670.456 3750.46450.77-.009510          1 0 2          1 0 0  2  0  2        2  1  1      334223807294713152     5.0    5.0
 11 7185.394189 5.287E-23 9.594E-02.09240.435  447.25240.73-.005510          2 0 0          0 0 0  5  2  3        6  1  6      464623307260483049    33.0   39.0
 11 7185.400573 9.665E-24 4.501E+00.06020.315 1474.98080.54-.009200          1 0 1          0 0 0  9  5  4        9  5  5      464223307294713152    19.0   19.0
 11 7185.442365 3.210E-24 1.922E-02.08350.352  782.40980.69-.008160          1 0 1          0 0 0  8  0  8        7  2  5      454523306794713152    51.0   45.0
 11 7185.471317 1.050E-30 9.923E-03.04010.265 3587.66660.40-.002470          0 6 0          0 1 0 13  1 13       12  2 10      3322338072947131 9    27.0   25.0
 11 7185.576860 2.046E-24 3.130E-03.09330.391  446.51070.74-.009330          2 0 0          0 0 0  6  1  6        5  2  3      464223307260713049    39.0   33.0
 11 7185.596113 5.971E-22 1.676E+01.04130.195 1045.05800.65-.021980          1 0 1          0 0 0  6  6  0        6  6  1      765321807267662452    39.0   39.0
 11 7185.596433 1.990E-22 1.676E+01.03880.371 1045.05830.41-.022020          1 0 1          0 0 0  6  6  1        6  6  0      764223807294713152    13.0   13.0
 11 7185.687484 4.729E-29 7.657E-08.08870.412  382.51690.710.000000          2 0 0          0 0 0  4  3  2        4  3  2     q4222308079917122 0    27.0   27.0
 11 7185.695341 2.167E-30 5.020E-01.08210.315 4399.54210.69-.006620          2 2 0          0 2 0  9  3  6        9  2  7      332230807294713152    57.0   57.0
 11 7185.696044 5.140E-26 3.335E-01.09230.391 2130.49430.73-.011880          0 1 2          0 1 0  5  0  5        5  3  2      454223606594713152    33.0   33.0
 11 7185.715355 2.426E-30 1.456E-05.08500.391 1922.82890.690.005670          0 3 1          0 1 0  6  3  4        5  1  5      432230807294713152    13.0   11.0
 11 7185.732451 8.582E-28 4.522E-02.08630.371 2399.16540.72-.017640          1 1 1          0 1 0  7  2  5        6  4  2      434223807294713152    15.0   13.0
 11 7185.733411 6.226E-29 6.288E-01.09720.412 3375.29790.74-.006340          2 2 0          0 2 0  4  1  3        4  0  4      334223807294713152     9.0    9.0
 11 7185.776853 1.186E-30 3.923E-03.07090.298 3564.70500.66-.006440          2 1 0          0 1 0 11  5  6       10  6  5      332230807294713152    69.0   63.0
 11 7185.846883 2.790E-27 5.387E-05.07550.391  742.07300.69-.008510          2 0 0          0 0 0  6  4  2        5  5  1      444223606560713049    13.0   11.0
 11 7185.894351 1.261E-30 1.532E+00.07570.371 4401.94180.66-.024750          0 0 3          1 0 0  5  4  1        6  4  2      332230807294713152    11.0   13.0
 11 7185.913630 3.500E-27 7.162E-02.04260.235 2551.48350.420.000520          1 0 1          0 0 0 13  5  9       14  3 12      444223796594713152    81.0   87.0
 11 7185.922281 8.652E-30 1.462E-07.06860.333  744.06370.620.000000          1 0 1          0 0 0  7  1  6        8  0  8     q4222308079917122 0    15.0   17.0
 11 7185.936277 2.213E-28 9.344E+00.09310.434 3895.58810.72-.004890          1 0 2          0 0 1  4  1  4        3  1  3      334233807294713152    27.0   21.0
 11 7185.940082 1.233E-29 1.054E-03.03400.208 2660.94620.38-.009019         -2-2-2          0 0 0 16  1 15       16  0 16      132232477291712250    33.0   33.0
 11 7185.966529 2.810E-27 2.051E-04.07940.371 1045.05830.71-.009480          0 0 2          0 0 0  7  3  5        6  6  0      444223606560713049    15.0   13.0
 11 7186.055157 9.212E-29 1.121E-02.05170.235 2918.24490.49-.004060          0 0 2          0 0 0 13  6  7       14  5 10      434233807260713049    81.0   87.0
 11 7186.135760 8.459E-30 1.530E-08.08330.391  446.51070.690.000000          2 0 0          0 0 0  5  2  3        5  2  3     q4222308079917122 0    33.0   33.0
 11 7186.407340 4.710E-25 4.658E-03.07900.333  885.60020.690.008070          0 2 1          0 0 0  8  4  4        8  2  7      454423796794713152    51.0   51.0
 11 7186.413784 1.203E-29 3.428E-02.09780.434 3289.24250.730.002270          0 7 0          0 2 0  3  1  2        3  0  3      3342438072947131 9    21.0   21.0
 11 7186.483164 2.728E-28 7.427E-02.03620.221 2872.58050.36-.011040          1 0 1          0 0 0 14  5 10       15  3 13      334223807294713152    29.0   31.0
 11 7186.580283 1.415E-29 1.324E+00.03330.250 4074.03860.28-.020890          0 3 1          0 1 0 14  4 11       13  4 10      334233807294713152    29.0   27.0
 11 7186.599630 6.620E-25 1.308E+00.10740.480 1618.55710.760.001200          2 1 0          0 1 0  1  1  0        1  0  1      454523796794713152     9.0    9.0
 11 7186.725717 3.748E-30 1.135E-03.05240.298 3072.72630.50-.005830          0 6 0          0 1 0 11  0 11       10  3  8      3322338072947131 9    69.0   63.0
 11 7186.782955 1.174E-29 8.223E-02.02820.195 3567.25420.28-.010710          1 0 1          0 0 0 16  5 12       17  3 15      234233807294713152    33.0   35.0
 11 7186.857289 4.310E-24 1.313E+00.04200.270 1590.69010.48-.009510          0 0 2          0 0 0  8  6  3        8  7  2      457521606782623034    51.0   51.0
 11 7186.881196 3.179E-25 1.237E-01.06670.298 1437.96860.61-.000010          2 0 0          0 0 0  9  5  5       10  2  8      464223607260713049    19.0   21.0
 11 7186.909130 2.010E-24 1.837E+00.04660.333 1590.69070.48-.015240          0 0 2          0 0 0  8  6  2        8  7  1      454223796760713049    17.0   17.0
 11 7187.044800 1.034E-29 6.390E-01.09240.391 4049.53610.730.003300          2 0 1          1 0 0  6  3  3        5  1  4      334233807294713152    39.0   33.0
 11 7187.052526 3.900E-29 4.000E-02.06750.298 3058.39840.61-.000460          2 1 0          0 1 0  9  5  5       10  2  8      334233807294713152    19.0   21.0
 11 7187.097092 9.506E-30 2.519E-02.07870.298 3253.73800.71-.018150          1 1 1          0 1 0  9  6  3       10  4  6      332230807294713152    19.0   21.0
 11 7187.137092 7.200E-29 1.761E+00.09210.391 3598.51590.72-.005510          1 2 1          0 2 0  5  2  3        5  2  4      334233807294713152    11.0   11.0
 11 7187.141064 2.311E-28 5.252E-04.09460.412 1821.59670.72-.005250          0 6 0          0 1 0  3  0  3        4  1  4      3342438072947131 9    21.0   27.0
 11 7187.205120 7.220E-25 9.380E+00.08480.412 2005.91700.69-.011410          1 1 1          0 1 0  4  3  2        4  3  1      454223796794713152     9.0    9.0
 11 7187.264636 2.290E-26 1.794E-04.08530.352  782.40980.71-.000290          1 0 1          0 0 0  6  4  2        7  2  5      454223606594713152    39.0   45.0
 11 7187.266142 6.101E-28 1.067E-03.08910.434 1819.33500.72-.001660          0 3 1          0 1 0  4  4  0        3  2  1      434223807294713152    27.0   21.0
 11 7187.339244 3.263E-30 1.878E-01.07790.265 3959.25340.75-.022100          2 1 0          0 1 0 13  4 10       12  5  7      332230807294713152    27.0   25.0
 11 7187.345787 6.127E-30 1.559E-03.08210.333 2771.69000.73-.015210          2 1 0          0 1 0  9  3  7        8  4  4      332230807294713152    19.0   17.0
 11 7187.467218 1.065E-30 2.065E-05.09220.412 2129.61850.72-.010520          0 1 2          0 1 0  5  1  5        4  4  0      432230807294713152    11.0    9.0
 11 7187.495430 3.090E-27 4.690E-02.04740.250 2248.06450.470.003200          1 0 1          0 0 0 12  5  8       13  3 11      444223796594713152    25.0   27.0
 11 7187.640060 5.046E-28 1.742E-02.08330.371 2282.58950.72-.007430          0 3 1          0 1 0  6  5  2        6  3  3      434223807294713152    13.0   13.0
 11 7187.642598 2.792E-28 3.628E-07.09400.434  285.41860.730.000000          2 0 0          0 0 0  3  3  0        3  3  0     q7322308079917122 0    21.0   21.0
 11 7187.663710 4.820E-30 1.974E-08.07810.371  648.97870.670.000000          1 0 1          0 0 0  6  2  4        6  3  4     q4222308079917122 0    39.0   39.0
 11 7187.732899 9.580E-29 3.731E-07.09400.434  285.21930.730.000000          2 0 0          0 0 0  3  3  1        3  3  1     q7222308079917122 0     7.0    7.0
 11 7187.775357 1.706E-29 4.737E-07.07950.352  816.69420.66-.007840          0 5 0          0 0 0  6  0  6        7  3  5      332230807294713152    13.0   15.0
 11 7187.881791 2.961E-30 4.715E-02.08900.371 3736.17070.71-.011770          0 2 2          0 2 0  5  1  4        6  2  5      332230807294713152    33.0   39.0
 11 7187.928662 5.828E-29 8.389E-08.08330.391  399.45750.690.000000          2 0 0          0 0 0  5  1  4        5  1  4     q7222308079917122 0    33.0   33.0
 11 7187.936452 2.410E-30 4.812E-01.08430.371 4290.75700.690.003520          1 0 2          0 0 1  6  3  4        6  1  5      332230807294713152    39.0   39.0
 11 7188.138278 3.477E-23 6.244E+00.05640.315 1255.91160.53-.019150          1 0 1          0 0 0  8  5  4        8  5  3      465621607267622452    17.0   17.0
 11 7188.187833 3.935E-30 9.699E-08.07810.371  757.78020.670.000000          1 0 1          0 0 0  5  5  0        6  4  2     q4222308079917122 0    11.0   13.0
 11 7188.276455 2.706E-28 1.309E+00.07690.281 3659.90400.73-.023780          2 1 0          0 1 0 12  4  9       11  5  6      332230807294713152    75.0   69.0
 11 7188.309115 3.501E-26 1.728E-03.06120.352 1216.19450.59-.011120          2 0 0          0 0 0  8  5  4        7  6  1      464223807260713049    51.0   45.0
 11 7188.349113 1.265E-23 3.080E-01.04130.270 1045.05800.48-.011440          0 2 1          0 0 0  7  6  2        6  6  1      468521807282623134    45.0   39.0
 11 7188.353270 4.212E-24 3.076E-01.04500.371 1045.05830.48-.000310          0 2 1          0 0 0  7  6  1        6  6  0      464223807294713152    15.0   13.0
 11 7188.421110 4.445E-30 3.963E-01.03210.298 3997.50830.37-.021000          1 3 0          0 1 0 10  9  1       10  8  2      332230807294713152    21.0   21.0
 11 7188.421170 1.333E-29 3.961E-01.03210.298 3997.50830.37-.021010          1 3 0          0 1 0 10  9  2       10  8  3      332230807294713152    63.0   63.0
 11 7188.441830 3.650E-24 2.165E+01.10700.480 1618.55710.75-.007540          1 1 1          0 1 0  0  0  0        1  0  1      454523796794713152     3.0    9.0
 11 7188.563566 1.728E-28 7.613E-02.03250.208 3211.21270.32-.008250          1 0 1          0 0 0 15  5 11       16  3 14      434233807294713152    93.0   99.0
 11 7188.734770 2.268E-29 1.789E-03.03580.221 2631.28340.44-.004370          0 4 0          0 0 0 15  5 11       15  2 14      344233803260713049    31.0   31.0
 11 7188.753781 5.388E-29 1.627E-07.07340.352  586.24350.650.000000          1 0 1          0 0 0  6  1  5        7  0  7     q4322308079917122 0    39.0   45.0
 11 7188.759317 2.606E-29 1.470E-07.06860.333  744.16270.620.000000          1 0 1          0 0 0  7  2  6        8  1  8     q4322308079917122 0    45.0   51.0
 11 7188.774673 2.232E-27 5.211E-02.09220.391 2126.40760.73-.007700          0 1 2          0 1 0  4  2  2        5  3  3      434223807294713152     9.0   11.0
 11 7188.818712 2.362E-30 6.412E-07.06390.315 1340.88490.56-.011220          0 5 0          0 0 0  8  1  7        9  4  6      332230807294713152    17.0   19.0
 11 7188.825762 7.734E-29 9.580E+00.09600.434 3890.82930.73-.002260          1 0 2          0 0 1  4  0  4        3  0  3      334233807294713152     9.0    7.0
 11 7188.983557 1.783E-28 5.391E-04.05210.265 2124.95140.52-.004470          1 2 0          0 0 0 11  7  4       12  4  9      334233807294713152    69.0   75.0
 11 7188.990699 1.977E-27 1.225E-04.06030.315 1080.38540.600.003220          0 4 0          0 0 0 10  5  5        9  2  8      364223803360713049    21.0   19.0
 11 7188.991083 4.328E-29 4.705E-08.08870.412  300.36230.710.000000          2 0 0          0 0 0  4  2  3        4  2  3     q4222308079917122 0    27.0   27.0
 11 7189.007049 8.480E-24 6.825E-01.08370.315 1360.23530.71-.007520          0 2 1          0 0 0 10  4  6        9  4  5      454623606794713152    63.0   57.0
 11 7189.064183 5.381E-29 1.422E-07.09940.456  136.16390.740.000000          1 0 1          0 0 0  2  1  2        2  2  0     q4222308079917122 0     5.0    5.0
 11 7189.064495 2.125E-30 8.026E-01.08410.371 4195.81800.67-.014630          1 0 2          0 0 1  6  1  5        6  1  6      332230807294713152    13.0   13.0
 11 7189.103547 4.559E-30 7.182E-01.03400.208 4207.56140.38-.009021         -2-2-2          0 0 0 16 -1 -1       16  8  8      132232477291712250    33.0   33.0
 11 7189.125126 2.400E-24 1.595E-02.09060.412  488.13420.73-.010410          1 0 1          0 0 0  5  2  3        4  4  0      754523606794713152    11.0    9.0
 11 7189.139088 2.847E-29 1.481E-04.09280.412 1817.45110.730.007460          0 3 1          0 1 0  4  4  1        4  0  4      434233807294713152     9.0    9.0
 11 7189.190975 3.329E-24 1.331E+00.04580.352 1394.81420.50-.012260          0 0 2          0 0 0  7  6  2        7  7  1      464223807260713049    15.0   15.0
 11 7189.199024 9.978E-24 1.330E+00.04590.352 1394.81420.50-.012210          0 0 2          0 0 0  7  6  1        7  7  0      464423807260713049    45.0   45.0
 11 7189.230542 2.338E-25 1.351E+00.07180.265 2275.37290.670.005000          1 0 1          0 0 0 12  5  7       12  5  8      464223807294713152    75.0   75.0
 11 7189.242317 1.195E-29 9.770E-08.07810.371  756.72480.670.000000          1 0 1          0 0 0  5  5  1        6  4  3     q4222308079917122 0    33.0   39.0
 11 7189.243823 1.029E-28 1.934E-03.06530.250 2533.79320.65-.000800          0 4 0          0 0 0 13  7  6       13  4  9      344233803260713049    81.0   81.0
 11 7189.287853 1.125E-28 3.411E-07.08330.391  326.62550.690.000000          2 0 0          0 0 0  5  1  5        5  1  5     q4322308079917122 0    11.0   11.0
 11 7189.344247 6.288E-22 1.712E+00.10010.490  142.27850.74-.003310          2 0 0          0 0 0  2  2  0        3  1  3      767621307282623034     5.0    7.0
 11 7189.381786 1.897E-30 7.695E-02.03030.183 3940.54510.33-.030030          1 0 1          0 0 0 17  4 13       18  2 16      332230807294713152    35.0   37.0
 11 7189.448603 5.670E-25 1.092E-01.06160.298 1293.01810.56-.005050          2 0 0          0 0 0  9  4  6       10  1  9      754223606760713049    19.0   21.0
 11 7189.488074 1.054E-30 2.105E-01.08290.371 4290.75700.700.006190          0 2 2          0 0 1  6  5  2        6  1  5      332230807294713152    39.0   39.0
 11 7189.541076 1.037E-22 6.188E+00.05920.333 1255.16680.54-.014240          1 0 1          0 0 0  8  5  3        8  5  4      464523607294713152    51.0   51.0
 11 7189.599260 3.350E-28 3.365E-07.08330.391  325.34790.690.000000          2 0 0          0 0 0  5  0  5        5  0  5     q4322308079917122 0    33.0   33.0
 11 7189.697497 6.862E-28 2.294E-02.04060.250 2426.19650.40-.027200          0 0 2          0 0 0 13  3 11       13  4 10      334223807260713049    27.0   27.0
 11 7189.714180 1.980E-24 8.534E+00.08460.412 2004.81570.68-.007370          1 1 1          0 1 0  4  3  1        4  3  2      454523796794713152    27.0   27.0
 11 7189.735254 2.581E-28 5.926E-01.10410.480 3175.44120.760.000270          2 2 0          0 2 0  2  1  2        1  0  1      334243807294713152    15.0    9.0
 11 7189.767844 9.538E-28 2.967E+00.10320.456 3237.91730.75-.002170          1 2 1          0 2 0  2  1  1        2  1  2      334223807294713152    15.0   15.0
 11 7189.860256 1.926E-30 7.063E-01.08690.315 4493.80440.73-.006040          2 2 0          0 2 0  9  4  5        9  3  6      332230807294713152    57.0   57.0
 11 7189.916268 7.565E-29 7.600E-04.08590.352 2309.73010.710.004780          0 3 1          0 1 0  8  3  5        7  1  6      434233807294713152    51.0   45.0
 11 7189.963910 2.670E-25 5.102E+00.08630.391 2126.40770.71-.006450          1 1 1          0 1 0  5  3  2        5  3  3      454323796794713152    11.0   11.0
 11 7189.967402 2.238E-29 7.969E-05.09380.434 1739.48360.730.007550          1 3 0          0 1 0  4  4  0        3  1  3      334233807294713152     9.0    7.0
 11 7190.079319 3.300E-27 7.115E-03.05240.315 1810.58330.52-.013790          2 0 0          0 0 0 10  6  4        9  7  3      444223606560713049    21.0   19.0
 11 7190.082514 1.183E-30 3.062E-01.07920.333 4173.22570.690.009160          1 4 0          0 2 0  8  5  3        8  2  6      332230807294713152    17.0   17.0
 11 7190.197401 1.946E-30 1.797E-02.01090.183 3647.4606-.10-.016560          0 2 1          0 0 0 18  3 16       18  1 17      332230807294713152    37.0   37.0
 11 7190.214839 1.385E-29 7.231E-01.03060.208 4206.33240.29-.026380          1 2 0          0 0 0 16  9  8       16  8  9      232230807294713152    99.0   99.0
 11 7190.276423 3.404E-29 1.851E-07.07810.371  446.69660.670.000000          1 0 1          0 0 0  5  1  4        6  0  6     q4222308079917122 0    11.0   13.0
 11 7190.288692 2.426E-22 2.206E+00.08630.460  842.35660.72-.009700          1 0 1          0 0 0  7  3  5        7  3  4      467521607282623134    45.0   45.0
 11 7190.392236 1.266E-26 1.876E-03.06310.352 1216.18980.60-.009740          2 0 0          0 0 0  8  5  3        7  6  2      464223807260713049    17.0   15.0
 11 7190.549237 9.854E-28 4.579E-06.07690.352  704.21410.700.003080          0 4 0          0 0 0  7  6  1        7  1  6      444223803360713049    45.0   45.0
 11 7190.605685 2.038E-27 7.409E-03.05410.281 2144.04630.57-.025380          0 2 1          0 0 0 10  8  2       11  6  5      434223807294713152    63.0   69.0
 11 7190.627115 7.177E-28 1.058E+00.03630.352 3109.91150.41-.000730          0 3 1          0 1 0  8  7  2        7  7  1      434223807294713152    17.0   15.0
 11 7190.627844 2.153E-27 1.058E+00.03630.352 3109.91150.41-.000670          0 3 1          0 1 0  8  7  1        7  7  0      434223807294713152    51.0   45.0
 11 7190.702125 7.796E-28 1.904E-02.08540.371 2211.19050.72-.000040          1 3 0          0 1 0  6  5  1        6  2  4      334223807294713152    13.0   13.0
 11 7190.738325 3.936E-22 1.138E+00.09620.412  275.49700.73-.006210          1 0 1          0 0 0  4  1  4        4  1  3      766620607294713152     9.0    9.0
 11 7190.745963 4.483E-26 3.264E-02.06790.281 1813.22340.62-.001280          2 0 0          0 0 0 10  6  5       11  3  8      464223807260713049    63.0   69.0
 11 7190.780090 3.150E-24 1.089E+01.08160.434 1907.61580.67-.010580          1 1 1          0 1 0  3  3  1        3  3  0      454423796794713152    21.0   21.0
 11 7190.790754 7.801E-27 1.290E-02.07030.265 1774.61630.680.013190          0 2 1          0 0 0 11  5  6       12  1 11      434223807294713152    23.0   25.0
 11 7190.838714 6.012E-28 9.379E-02.08350.333 2670.78960.71-.016260          1 1 1          0 1 0  9  1  8        8  3  5      434223807294713152    19.0   17.0
 11 7190.858390 5.616E-29 3.581E-02.03850.265 3032.69040.41-.020020          2 0 0          0 0 0 13  8  6       12  9  3      334233807260713049    27.0   25.0
 11 7190.885429 1.964E-29 1.006E+00.09240.371 3784.67910.74-.005250          2 2 0          0 2 0  6  3  3        6  2  4      334263807294713152    13.0   13.0
 11 7190.898970 3.750E-26 5.803E-02.10050.456 1742.30570.75-.008420          2 1 0          0 1 0  3  1  2        2  2  1      454223796594713152    21.0   15.0
 11 7190.947780 1.682E-28 3.575E-02.03860.265 3032.68980.41-.019950          2 0 0          0 0 0 13  8  5       12  9  4      334233807260713049    81.0   75.0
 11 7190.978678 5.550E-30 5.058E-03.07140.221 3360.60040.69-.014670          1 3 0          0 0 0 15  0 15       15  5 10      332230807394713152    93.0   93.0
 11 7191.033800 2.394E-29 1.285E-04.07240.352 2180.64280.620.004440          1 3 0          0 1 0  8  3  6        7  0  7      434233807294713152    51.0   45.0
 11 7191.118406 8.227E-29 2.731E-02.05250.298 3072.72630.48-.023220          0 1 2          0 1 0 10  2  9       10  3  8      334233807294713152    63.0   63.0
 11 7191.156610 1.480E-24 1.533E+01.08160.434 1907.45140.67-.009150          1 1 1          0 1 0  3  3  0        3  3  1      454623796794713152     7.0    7.0
 11 7191.218924 2.191E-30 7.949E+00.10630.480 4690.57990.760.000220          1 3 1          0 3 0  2  0  2        1  0  1      432230807294713152    15.0    9.0
 11 7191.229916 6.426E-30 1.979E-02.01100.183 3647.4603-.10-.016010          0 2 1          0 0 0 18  2 16       18  2 17      332230807294713152   111.0  111.0
 11 7191.232031 7.350E-26 2.693E-02.07250.281 1690.66440.680.019840          1 2 0          0 0 0 11  5  6       11  2  9      454223606594713152    69.0   69.0
 11 7191.502708 3.833E-30 3.089E-05.09460.434 1907.45130.73-.006310          0 6 0          0 1 0  4  0  4        3  3  1      2322338072947131 9     9.0    7.0
 11 7191.556493 6.370E-25 3.269E+00.10330.456 1693.65000.75-.009610          1 1 1          0 1 0  2  1  2        2  1  1      454623606794713152     5.0    5.0
 11 7191.673190 1.170E-26 6.922E-04.08400.333 1050.15770.72-.011780          2 0 0          0 0 0  9  2  8        8  3  5      454223796560713049    19.0   17.0
 11 7191.681717 7.639E-30 1.034E-01.02440.183 3940.58680.23-.015990          1 0 1          0 0 0 17  5 13       18  3 16      332230807294713152   105.0  111.0
 11 7191.751780 5.202E-30 3.889E-02.05450.281 3487.39920.51-.008930          1 1 1          0 1 0 10  6  5       11  4  8      332230807294713152    21.0   23.0
 11 7191.812460 2.130E-25 9.508E-01.10600.456 1664.96460.76-.000780          2 1 0          0 1 0  2  1  1        2  0  2      454223796794713152     5.0    5.0
 11 7191.850035 1.173E-29 1.957E-03.07580.298 2705.09690.66-.003710          1 3 0          0 1 0 10  3  7       10  0 10      332230807294713152    21.0   21.0
 11 7191.864145 1.819E-28 2.235E-07.08330.391  325.34790.690.000000          1 0 1          0 0 0  4  1  3        5  0  5     q7322308079917122 0    27.0   33.0
 11 7191.881219 2.667E-27 2.476E-03.07810.281 1899.00820.72-.016590          2 0 0          0 0 0 12  3 10       11  4  7      434223807260713049    75.0   69.0
 11 7191.943410 2.970E-26 4.081E-02.05150.265 1962.50690.490.002910          1 0 1          0 0 0 11  5  7       12  3 10      454223796594713152    69.0   75.0
 11 7192.010060 1.080E-24 5.658E-01.07510.298 1538.14950.64-.008450          0 2 1          0 0 0 11  3  8       10  3  7      454423796794713152    23.0   21.0
 11 7192.054615 6.854E-28 7.426E-03.05210.281 2142.59770.56-.023230          0 2 1          0 0 0 10  8  3       11  6  6      434223807294713152    21.0   23.0
 11 7192.076499 1.278E-30 1.254E+00.03180.183 4833.20780.30-.023920          2 0 0          0 0 0 18  8 11       18  7 12      232230807260713049   111.0  111.0
 11 7192.090619 3.084E-29 4.697E-02.06330.315 3139.47570.57-.017150          0 1 2          0 1 0  9  4  6        9  5  5      334233807294713152    19.0   19.0
 11 7192.156685 2.230E-30 3.228E-01.06310.195 4428.11470.58-.023420          0 0 2          0 0 0 17  6 11       17  7 10      232230807260713049   105.0  105.0
 11 7192.160202 1.076E-30 9.193E-02.02490.172 4331.06610.26-.028370          1 0 1          0 0 0 18  4 14       19  2 17      332230807294713152   111.0  117.0
 11 7192.265896 1.739E-27 1.585E+00.07380.221 3360.60040.66-.001740          2 0 0          0 0 0 15  6  9       15  5 10      334223807260713049    93.0   93.0
 11 7192.275028 1.943E-29 5.620E-08.08870.412  275.49700.710.000000          2 0 0          0 0 0  4  1  3        4  1  3     q4222308079917122 0     9.0    9.0
 11 7192.281316 2.508E-30 3.211E-02.01470.183 3940.58680.01-.019130          0 2 1          0 0 0 18  3 15       18  3 16      332230807294713152   111.0  111.0
 11 7192.284423 5.684E-30 6.389E-02.05590.281 3833.14430.53-.021960          2 1 0          0 1 0 12  5  8       11  6  5      332230807294713152    75.0   69.0
 11 7192.299680 1.650E-26 6.582E-05.07940.371  446.69660.660.005930          1 2 0          0 0 0  7  3  5        6  0  6      454223796594713152    15.0   13.0
 11 7192.310953 3.534E-30 1.412E-02.10140.434 3289.24250.750.003750          1 2 1          0 2 0  2  2  0        3  0  3      332230807294713152    15.0   21.0
 11 7192.325064 2.630E-25 2.585E-03.08540.371  602.77350.72-.000040          1 2 0          0 0 0  6  5  1        6  2  4      454423606794713152    13.0   13.0
 11 7192.350334 7.789E-27 5.680E-01.07100.250 2586.52970.660.004100          1 0 1          0 0 0 13  5  8       13  5  9      434223807294713152    27.0   27.0
 11 7192.415831 3.548E-23 3.489E+00.07600.385 1131.77560.69-.015860          1 0 1          0 0 0  8  4  5        8  4  4      766521307282623134    17.0   17.0
 11 7192.420973 4.148E-25 3.602E-03.08910.371  542.90580.720.000540          1 0 1          0 0 0  5  3  2        6  1  5      464223807294713152    11.0   13.0
 11 7192.585379 2.227E-28 2.067E-04.07890.298 1616.45310.73-.012500          1 2 0          0 0 0  9  7  3       10  4  6      434233807294713152    19.0   21.0
 11 7192.585464 1.945E-30 4.855E-04.03750.265 3032.68980.49-.024820          0 0 2          0 0 0 11 10  1       12  9  4      332230807260713049    69.0   75.0
 11 7192.658496 2.121E-29 1.876E-08.09400.434  136.76170.730.000000          2 0 0          0 0 0  2  2  1        3  0  3     q7222308079917122 0    15.0   21.0
 11 7192.667649 1.453E-26 3.671E-02.05450.281 1843.02960.51-.008930          1 0 1          0 0 0 10  6  5       11  4  8      464223807294713152    21.0   23.0
 11 7192.798020 2.934E-30 9.808E-03.00920.172 3675.1123-.15-.013760          0 2 1          0 0 0 19  2 18       19  0 19      332230807294713152   117.0  117.0
 11 7192.802681 2.001E-28 1.023E-03.08640.434 1813.78750.700.000530          0 3 1          0 1 0  4  4  1        3  2  2      434233807294713152     9.0    7.0
 11 7192.840548 4.724E-28 9.627E-05.06790.333 1255.91160.69-.015300          0 2 1          0 0 0  7  7  0        8  5  3      434223807294713152    15.0   17.0
 11 7192.863621 1.932E-28 6.955E-03.07220.352 2572.13910.65-.018110          1 3 0          0 1 0  8  5  4        7  4  3      334233807294713152    51.0   45.0
 11 7192.933957 3.270E-27 2.271E-05.08060.352  586.47920.66-.006470          1 2 0          0 0 0  8  2  6        7  1  7      444223606594713152    17.0   15.0
 11 7192.937762 3.897E-30 1.524E+00.07220.371 4394.46430.62-.025000          0 0 3          1 0 0  5  4  2        6  4  3      332230807294713152    33.0   39.0
 11 7192.955410 1.143E-29 3.849E-02.05620.281 3323.26980.530.004980          1 1 1          0 1 0 10  5  6       11  3  9      334233807294713152    21.0   23.0
 11 7192.955795 2.527E-28 4.503E-03.08210.371 2146.26360.670.001440          0 6 0          0 1 0  6  0  6        6  1  5      3342238072947131 9    13.0   13.0
 11 7193.004288 4.097E-28 3.089E-07.08870.412  224.83840.710.000000          2 0 0          0 0 0  4  1  4        4  1  4     q4322308079917122 0    27.0   27.0
 11 7193.016580 5.047E-29 4.105E+00.08340.434 4030.06980.68-.007400          1 0 2          0 0 1  4  3  2        3  3  1      334233807294713152    27.0   21.0
 11 7193.041128 1.860E-30 1.172E-04.08820.391 2406.14080.73-.009780          0 1 2          0 1 0  6  2  4        5  5  1      332230807294713152    13.0   11.0
 11 7193.081630 1.759E-29 1.603E-08.09400.434  212.15640.730.000000          2 0 0          0 0 0  3  2  1        3  2  1     q7222308079917122 0    21.0   21.0
 11 7193.105614 4.376E-30 4.265E-03.06000.221 3360.60040.33-.016790          2 0 0          0 0 0 14  8  7       15  5 10      332920807260711849    87.0   93.0
 11 7193.148978 1.306E-28 3.827E-04.08680.391 2000.86290.710.007400          1 3 0          0 1 0  6  4  3        5  1  4      434233807294713152    39.0   33.0
 11 7193.178450 1.190E-26 6.656E-02.05780.250 2042.37410.57-.022350          2 0 0          0 0 0 12  3  9       13  2 12      454323606560713049    25.0   27.0
 11 7193.184729 2.809E-29 1.368E+00.10820.480 3698.49130.77-.011260          1 0 2          1 0 0  1  0  1        1  1  0      334243807294713152     9.0    9.0
 11 7193.282461 3.511E-29 8.236E-01.08470.352 3879.33610.69-.008970          2 2 0          0 2 0  7  2  5        7  1  6      334223807294713152    45.0   45.0
 11 7193.306632 5.808E-30 6.194E-04.06460.352 2569.50790.58-.012230          1 3 0          0 1 0  8  5  3        7  4  4      334233807294713152    17.0   15.0
 11 7193.381210 2.390E-26 1.719E-02.05130.315 1810.58790.51-.014900          2 0 0          0 0 0 10  6  5        9  7  2      454223796560713049    63.0   57.0
 11 7193.393929 2.900E-25 3.170E+00.08650.371 2271.71230.71-.004860          1 1 1          0 1 0  6  3  3        6  3  4      454423606794713152    39.0   39.0
 11 7193.429383 8.756E-30 8.211E-01.04260.250 4074.03860.45-.026540          0 1 2          0 1 0 14  1 13       13  4 10      332230807294713152    29.0   27.0
 11 7193.546288 1.356E-28 3.026E-07.08870.412  222.05280.710.000000          2 0 0          0 0 0  4  0  4        4  0  4     q4222308079917122 0     9.0    9.0
 11 7193.571590 4.400E-27 2.861E-02.08230.391 2130.49430.72-.006360          0 3 1          0 1 0  5  5  1        5  3  2      344223606594713152    33.0   33.0
 11 7193.585310 1.427E-27 9.661E-05.06680.333 1255.16680.68-.014930          0 2 1          0 0 0  7  7  1        8  5  4      434223807294713152    45.0   51.0
